20,10
-
20,12
20,13
21,14
21,15
21,16
22,17
22,18
22,19
23,20
23,21
23,22
24,23
24,24
24,25
25,26
25,27
25,28
26,29
26,30
26,31
27,32
27,33
27,34
28,35
28,36
28,37
29,38
29,39
29,40
30,41
30,42
30,43
31,44
31,45
31,46
32,47
32,48
32,49
33,50
33,51
33,52
34,53
34,54
34,55
35,56
35,57
35,58
36,59
36,60
36,61
37,62
37,63
37,64
38,65
38,66
38,67
39,68
39,69
39,70
40,71
40,72
40,73
41,74
41,75
41,76
42,77
42,78
42,79
43,80
43,81
43,82
44,83
44,84
44,85
45,86
45,87
45,88
46,89
46,90
46,91
46,92
46,93
46,94
46,95
46,96
45,97
45,98
45,99
45,100
44,101
44,102
44,103
44,104
44,105
43,106
43,107
43,108
43,109
43,110
42,111
42,112
42,113
42,114
42,115
42,116
42,117
42,118
42,119
42,120
41,121
41,122
41,123
41,124
41,125
41,126
41,127
41,128
41,129
41,130
41,131
41,132
41,133
41,134
42,135
42,136
42,137
42,138
42,139
42,140
42,141
42,142
42,143
42,144
43,145
43,146
43,147
43,148
43,149
44,150
44,151
44,152
44,153
44,154
45,155
45,156
45,157
45,158
46,159
46,160
46,161
46,162
46,163
46,164
46,165
46,166
45,167
45,168
45,169
44,170
44,171
44,172
43,173
43,174
43,175
42,176
42,177
42,178
41,179
41,180
41,181
40,182
40,183
40,184
39,185
39,186
39,187
38,188
38,189
38,190
37,191
37,192
37,193
36,194
36,195
36,196
35,197
35,198
35,199
34,200
34,201
34,202
33,203
33,204
33,205
32,206
32,207
32,208
31,209
31,210
31,211
30,212
30,213
30,214
29,215
29,216
29,217
28,218
28,219
28,220
27,221
27,222
27,223
26,224
26,225
26,226
25,227
25,228
25,229
24,230
24,231
24,232
23,233
23,234
23,235
22,236
22,237
22,238
21,239
21,240
21,241
20,242
20,243
-
20,245
-
22,10
23,10
24,10
25,10
26,11
27,11
28,11
29,11
30,12
31,12
32,12
33,12
34,12
35,13
36,13
37,13
38,13
39,14
40,14
41,14
42,14
43,15
44,15
45,15
46,15
47,15
48,16
49,16
50,16
51,16
52,17
53,17
54,17
55,17
56,18
57,18
58,18
59,18
60,18
61,19
62,19
63,19
64,19
65,20
66,20
67,20
68,20
69,21
70,21
71,21
72,21
73,21
74,22
75,22
76,22
77,22
78,23
79,23
80,23
81,23
82,24
83,24
84,24
85,24
86,24
87,25
88,25
89,25
90,25
91,26
92,26
93,26
94,26
95,27
96,27
97,27
98,27
99,27
100,28
101,28
102,28
103,28
104,27
105,27
106,26
107,26
108,26
109,25
110,25
111,25
112,24
113,24
114,24
115,23
116,23
117,23
118,22
119,22
120,22
121,22
122,22
123,21
124,21
125,21
126,21
127,21
128,21
129,20
129,19
129,18
128,17
128,16
128,15
127,14
127,13
127,12
126,11
126,10
125,9
125,8
125,7
124,6
124,5
123,4
123,3
123,2
122,1
122,0
-
22,245
23,244
24,244
25,244
26,244
27,244
28,243
29,243
30,243
31,243
32,242
33,242
34,242
35,242
36,241
37,241
38,241
39,241
40,241
41,240
42,240
43,240
44,240
45,239
46,239
47,239
48,239
49,239
50,238
51,238
52,238
53,238
54,237
55,237
56,237
57,237
58,236
59,236
60,236
61,236
62,236
63,235
64,235
65,235
66,235
67,234
68,234
69,234
70,234
71,233
72,233
73,233
74,233
75,233
76,232
77,232
78,232
79,232
80,231
81,231
82,231
83,231
84,230
85,230
86,230
87,230
88,230
89,229
90,229
91,229
92,229
93,228
94,228
95,228
96,228
97,227
98,227
99,227
100,227
101,227
102,227
103,227
104,228
105,228
106,228
107,229
108,229
109,229
110,230
111,230
112,230
113,231
114,231
115,231
116,232
117,232
118,232
119,232
120,232
121,233
122,233
123,233
124,233
125,233
126,233
127,234
128,234
129,235
129,236
129,237
128,238
128,239
127,240
127,241
127,242
126,243
126,244
125,245
125,246
125,247
124,248
124,249
124,250
123,251
123,252
122,253
122,254
122,255
-
85,79
85,80
85,81
85,82
85,83
85,84
85,85
85,86
85,87
85,88
85,89
85,90
85,91
86,92
86,93
86,94
86,95
87,96
87,97
88,98
88,99
88,100
89,100
89,101
89,102
90,102
90,103
91,103
91,104
92,104
92,105
92,106
93,106
93,107
94,107
94,108
95,108
95,109
96,109
96,110
97,110
98,110
98,111
99,111
99,112
100,112
101,112
101,113
102,113
103,114
104,114
105,115
106,115
107,115
108,116
109,116
110,116
111,116
112,116
113,117
114,117
115,117
116,117
117,117
118,117
119,117
120,117
121,116
122,116
123,116
124,116
125,116
126,115
127,115
128,115
129,114
130,114
131,114
131,113
132,113
133,113
133,112
134,112
134,111
135,111
136,111
136,110
137,110
138,110
138,109
138,108
138,107
139,106
139,105
140,105
140,104
141,104
142,103
143,103
144,103
145,104
146,104
147,104
147,105
148,105
148,106
148,107
149,107
149,108
150,108
150,109
151,109
151,110
152,110
152,111
153,111
153,112
154,112
154,113
155,113
155,114
156,114
156,115
157,115
158,115
158,116
159,116
159,117
160,117
160,118
161,118
161,119
162,119
162,120
163,120
163,121
164,121
164,122
165,122
165,123
166,123
166,124
167,124
167,125
168,126
168,127
168,128
168,129
167,130
167,131
166,131
166,132
165,132
165,133
164,133
164,134
163,134
163,135
162,135
162,136
161,136
161,137
160,137
160,138
159,138
159,139
158,139
158,140
157,140
156,140
156,141
155,141
155,142
154,142
154,143
153,143
153,144
152,144
152,145
151,145
151,146
150,146
150,147
149,147
149,148
148,148
148,149
148,150
147,150
147,151
146,151
145,151
144,152
143,152
142,152
141,151
140,151
140,150
139,150
139,149
138,148
138,147
138,146
138,145
137,145
136,145
136,144
135,144
134,144
134,143
133,143
133,142
132,142
131,142
131,141
130,141
129,141
128,140
127,140
126,140
125,139
124,139
123,139
122,139
121,138
120,138
119,138
118,138
117,138
116,138
115,138
114,138
113,138
112,139
111,139
110,139
109,139
108,139
107,140
106,140
105,140
104,141
103,141
102,142
101,142
101,143
100,143
99,143
99,144
98,144
98,145
97,145
96,145
96,146
95,146
95,147
94,147
94,148
93,148
93,149
92,149
92,150
92,151
91,151
91,152
90,152
90,153
89,153
89,154
89,155
88,155
88,156
88,157
87,158
87,159
86,160
86,161
86,162
86,163
85,164
85,165
85,166
85,167
85,168
85,169
85,170
85,171
85,172
85,173
85,174
85,175
85,176
86,177
86,178
86,179
86,180
87,181
87,182
87,183
88,184
88,185
89,185
89,186
89,187
90,187
90,188
91,188
91,189
91,190
92,190
92,191
93,191
93,192
94,192
94,193
95,193
95,194
96,194
96,195
97,195
97,196
98,196
99,196
99,197
100,197
100,198
101,198
102,198
102,199
103,199
104,200
105,200
106,200
107,201
108,201
109,201
110,201
111,202
112,202
113,202
114,202
115,202
116,202
117,202
118,202
119,202
120,202
121,202
122,202
123,201
124,201
125,201
126,201
127,200
128,200
129,200
130,199
131,199
131,198
132,198
133,198
133,197
134,197
135,197
135,196
136,196
136,195
137,195
137,194
138,194
138,193
139,193
139,192
140,192
140,191
141,191
141,190
142,190
142,189
143,189
143,188
144,188
144,187
144,186
145,186
145,185
145,184
146,184
146,183
146,182
147,181
147,180
147,179
148,178
148,177
148,176
148,175
149,174
149,173
149,172
149,171
149,170
149,169
149,168
149,167
148,166
148,165
148,164
148,163
148,162
147,161
147,160
147,159
146,158
146,157
146,156
145,156
145,155
145,154
144,154
138,144
138,143
138,142
138,141
138,140
138,139
138,138
138,137
138,136
138,135
138,134
138,133
138,132
138,131
138,130
138,129
138,128
138,127
138,126
138,125
138,124
138,123
138,122
138,121
138,120
138,119
138,118
138,117
138,116
138,115
138,114
138,113
138,112
138,111
144,101
145,101
145,100
145,99
146,99
146,98
146,97
147,96
147,95
147,94
148,93
148,92
148,91
148,90
148,89
149,88
149,87
149,86
149,85
149,84
149,83
149,82
149,81
148,80
148,79
148,78
148,77
147,76
147,75
147,74
146,73
146,72
146,71
145,71
145,70
145,69
144,69
144,68
144,67
143,67
143,66
142,66
142,65
141,65
141,64
140,64
140,63
139,63
139,62
138,62
138,61
137,61
137,60
136,60
136,59
135,59
135,58
134,58
133,58
133,57
132,57
131,57
131,56
130,56
129,55
128,55
127,55
126,54
125,54
124,54
123,54
122,53
121,53
120,53
119,53
118,53
117,53
116,53
115,53
114,53
113,53
112,53
111,53
110,54
109,54
108,54
107,54
106,55
105,55
104,55
103,56
102,56
102,57
101,57
100,57
100,58
99,58
99,59
98,59
97,59
97,60
96,60
96,61
95,61
95,62
94,62
94,63
93,63
93,64
92,64
92,65
91,65
91,66
91,67
90,67
90,68
89,68
89,69
89,70
88,70
88,71
87,72
87,73
87,74
86,75
86,76
86,77
86,78
143,54
143,53
143,52
142,51
142,50
142,49
141,48
141,47
140,46
140,45
140,44
139,43
139,42
138,41
138,40
138,39
137,38
137,37
137,36
136,35
136,34
135,33
135,32
134,32
134,31
144,55
144,56
145,57
145,58
145,59
146,60
146,61
147,62
147,63
147,64
148,65
148,66
148,67
149,68
149,69
150,70
150,71
150,72
151,73
151,74
152,75
152,76
152,77
153,78
153,79
153,80
154,81
154,82
155,83
155,84
155,85
156,86
156,87
157,88
157,89
157,90
158,91
158,92
158,93
159,93
160,93
161,92
161,91
162,90
162,89
162,88
163,87
163,86
164,85
164,84
164,83
165,82
165,81
165,80
166,79
166,78
167,77
167,76
167,75
168,74
168,73
168,72
169,71
169,70
169,69
170,72
170,73
170,74
171,74
172,74
173,74
174,75
175,75
176,75
177,75
178,76
179,76
180,76
180,77
181,77
182,78
183,78
183,79
184,79
184,80
185,80
185,81
186,81
186,82
187,82
187,83
188,83
188,84
188,85
189,85
189,86
190,87
190,88
190,89
191,90
191,91
191,92
191,93
191,94
191,95
191,96
191,97
191,98
191,99
191,100
191,101
190,102
190,103
190,104
189,105
189,106
188,106
188,107
188,108
187,108
187,109
186,109
186,110
185,110
185,111
184,111
184,112
183,112
183,113
182,113
181,114
180,114
180,115
179,115
178,115
177,116
176,116
175,116
174,116
173,117
172,117
171,117
170,117
169,117
168,117
167,117
166,117
165,117
164,117
163,117
162,117
162,138
163,138
164,138
165,138
166,138
167,138
168,138
169,138
170,138
171,138
172,138
173,138
174,139
175,139
176,139
177,139
178,140
179,140
180,140
180,141
181,141
182,142
183,142
183,143
184,143
184,144
185,144
185,145
186,145
186,146
187,146
187,147
188,147
188,148
188,149
189,149
189,150
190,151
190,152
190,153
191,154
191,155
191,156
191,157
191,158
191,159
191,160
191,161
191,162
191,163
191,164
191,165
190,166
190,167
190,168
189,169
189,170
188,170
188,171
188,172
187,172
187,173
186,173
186,174
185,174
185,175
184,175
184,176
183,176
183,177
182,177
181,178
180,178
180,179
179,179
178,179
177,180
176,180
175,180
174,180
173,181
172,181
171,181
170,181
170,182
170,183
-
95,80
95,81
95,82
95,83
97,83
97,82
97,81
97,80
96,79
96,78
97,77
97,76
97,75
98,75
98,74
99,74
99,73
99,72
100,72
100,71
101,71
101,70
102,70
102,69
103,69
103,68
104,68
104,67
105,67
106,67
106,66
107,66
108,65
109,65
110,65
111,64
112,64
113,64
114,64
115,64
116,64
117,64
118,64
119,64
120,64
121,64
122,64
123,64
124,65
125,65
126,65
126,66
127,66
128,66
128,67
129,67
129,68
130,68
130,69
131,69
132,69
132,70
133,70
133,71
133,72
134,72
134,73
135,73
135,74
135,75
136,75
136,76
137,77
137,78
137,79
138,80
138,81
138,82
138,83
138,84
138,85
138,86
138,87
138,88
138,89
138,90
137,91
137,92
137,93
136,94
136,95
135,95
135,96
135,97
134,97
134,98
133,98
133,99
132,99
132,100
131,100
131,101
130,101
130,102
129,102
129,103
128,103
127,103
127,104
126,104
125,105
124,105
123,105
122,106
121,106
120,106
119,106
118,106
117,106
116,106
115,106
114,106
113,106
112,106
111,105
110,105
109,105
108,104
107,104
107,103
106,103
105,103
105,102
104,102
104,101
103,101
102,101
102,100
101,100
101,99
101,98
100,98
100,97
99,97
99,96
98,96
98,95
97,94
97,93
96,92
96,91
98,91
98,90
97,89
97,88
97,87
99,92
99,93
100,93
100,94
101,94
102,95
103,95
104,95
105,95
106,95
107,95
108,95
109,95
110,95
111,94
112,94
112,93
113,93
113,92
114,92
114,91
115,91
115,90
116,90
116,89
116,88
116,87
117,86
117,85
117,84
117,83
116,82
116,81
116,80
115,80
115,79
115,78
114,78
114,77
113,77
112,77
112,76
111,76
111,75
110,75
109,75
108,74
107,74
106,74
105,74
104,74
103,75
102,75
101,75
101,76
100,76
100,77
99,77
99,78
98,78
98,79
-
95,87
95,88
95,89
-
95,166
95,167
95,168
-
95,172
95,173
95,174
95,175
96,176
96,177
97,178
97,179
97,180
98,180
98,181
99,181
99,182
99,183
100,183
100,184
101,184
101,185
102,185
102,186
103,186
103,187
104,187
104,188
105,188
106,188
106,189
107,189
108,190
109,190
110,190
111,191
112,191
113,191
114,191
115,191
116,191
117,191
118,191
119,191
120,191
121,191
122,191
123,191
124,190
125,190
126,190
126,189
127,189
128,189
128,188
129,188
129,187
130,187
130,186
131,186
132,186
132,185
133,185
133,184
133,183
134,183
134,182
135,182
135,181
135,180
136,180
136,179
137,178
137,177
137,176
138,175
138,174
138,173
138,172
138,171
138,170
138,169
138,168
138,167
138,166
138,165
137,164
137,163
137,162
136,161
136,160
135,160
135,159
135,158
134,158
134,157
133,157
133,156
132,156
132,155
131,155
131,154
130,154
130,153
129,153
129,152
128,152
127,152
127,151
126,151
125,150
124,150
123,150
122,149
121,149
120,149
119,149
118,149
117,149
116,149
115,149
114,149
113,149
112,149
111,150
110,150
109,150
108,151
107,151
107,152
106,152
105,152
105,153
104,153
104,154
103,154
102,154
102,155
101,155
101,156
101,157
100,157
100,158
99,158
99,159
98,159
98,160
97,161
97,162
96,163
96,164
98,164
98,165
97,166
97,167
97,168
97,172
97,173
97,174
97,175
98,176
98,177
99,177
99,178
100,178
100,179
101,179
101,180
102,180
103,180
104,181
105,181
106,181
107,181
108,181
109,180
110,180
111,180
111,179
112,179
112,178
113,178
114,178
114,177
115,177
115,176
115,175
116,175
116,174
116,173
117,172
117,171
117,170
117,169
116,168
116,167
116,166
116,165
115,165
115,164
114,164
114,163
113,163
113,162
112,162
112,161
111,161
110,160
109,160
108,160
107,160
106,160
105,160
104,160
103,160
102,160
101,161
100,161
100,162
99,162
99,163
-
131,255
132,254
132,253
133,252
133,251
133,250
134,249
134,248
134,247
135,246
135,245
136,244
136,243
136,242
137,241
137,240
138,239
138,238
138,237
139,236
139,235
140,235
141,234
142,234
143,234
144,234
145,234
146,234
147,234
148,234
149,234
150,233
151,233
152,233
153,233
154,234
155,235
155,236
154,237
154,238
154,239
154,240
154,241
154,242
154,243
154,244
154,245
154,246
154,247
154,248
154,249
154,250
154,251
154,252
154,253
154,254
154,255
-
132,0
132,1
132,2
133,3
133,4
133,5
134,6
134,7
135,8
135,9
135,10
136,11
136,12
137,13
137,14
137,15
138,16
138,17
138,18
139,19
139,20
140,20
141,21
142,21
143,20
144,20
145,20
146,20
147,20
148,21
149,21
150,21
151,21
152,22
153,22
154,21
155,20
155,19
154,18
154,17
154,16
154,15
154,14
154,13
154,12
154,11
154,10
154,9
154,8
154,7
154,6
154,5
154,4
154,3
154,2
154,1
154,0
-
134,223
134,224
134,225
135,223
135,222
136,221
136,220
136,219
137,218
137,217
138,216
138,215
138,214
139,213
139,212
139,211
140,210
140,209
141,208
141,207
141,206
142,205
142,204
143,203
143,202
143,201
144,200
144,199
145,198
145,197
145,196
146,195
146,194
146,193
147,192
147,191
148,190
148,189
148,188
149,187
149,186
150,185
150,184
150,183
151,182
151,181
152,180
152,179
152,178
153,177
153,176
153,175
154,174
154,173
155,172
155,171
155,170
156,169
156,168
157,167
157,166
157,165
158,164
158,163
158,162
159,162
160,162
161,163
161,164
162,165
162,166
162,167
163,168
163,169
163,170
164,171
164,172
165,173
165,174
165,175
166,176
166,177
167,178
167,179
167,180
168,181
168,182
168,183
-
143,31
144,32
144,33
144,34
145,35
145,36
145,37
146,38
146,39
146,40
147,41
147,42
148,43
148,44
148,45
149,46
149,47
150,48
150,49
150,50
151,51
151,52
151,53
152,54
152,55
153,56
153,57
153,58
154,59
154,60
154,61
154,62
-
144,220
144,221
144,222
144,223
146,223
147,223
148,223
149,223
150,222
151,222
152,222
153,222
154,222
155,222
155,221
155,220
155,219
155,218
155,217
155,216
155,215
155,214
155,213
155,212
155,211
155,210
155,209
155,208
155,207
155,206
155,205
155,204
155,203
155,202
155,201
155,200
155,199
155,198
155,197
155,196
154,195
154,194
154,193
153,196
153,197
153,198
152,199
152,200
152,201
151,202
151,203
150,204
150,205
150,206
149,207
149,208
149,209
148,210
148,211
147,212
147,213
147,214
146,215
146,216
145,217
145,218
145,219
-
146,32
147,32
148,32
149,32
150,33
151,33
152,33
153,33
154,33
155,33
155,34
155,35
155,36
155,37
155,38
155,39
155,40
155,41
155,42
155,43
155,44
155,45
155,46
155,47
155,48
155,49
155,50
155,51
155,52
155,53
155,54
155,55
155,56
155,57
-
163,0
163,1
163,2
163,3
163,4
163,5
163,6
163,7
163,8
163,9
163,10
163,11
163,12
163,13
163,14
163,15
163,16
163,17
163,18
163,19
163,20
163,21
163,22
163,23
163,24
164,24
165,25
166,25
167,25
168,25
169,26
170,26
171,27
172,27
173,28
174,28
175,29
176,28
177,27
177,26
178,25
178,24
178,23
179,22
179,21
180,20
180,19
180,18
181,17
181,16
181,15
182,14
182,13
183,12
183,11
183,10
184,9
184,8
185,7
185,6
185,5
186,4
186,3
186,2
187,1
187,0
-
163,196
163,197
163,198
163,199
163,200
163,201
163,202
163,203
163,204
163,205
163,206
163,207
163,208
163,209
163,210
163,211
163,212
163,213
163,214
163,215
163,216
163,217
163,218
163,219
163,220
165,218
166,218
167,218
168,217
169,217
170,216
171,216
172,215
172,214
171,213
171,212
170,211
170,210
170,209
169,208
169,207
169,206
168,205
168,204
167,203
167,202
167,201
166,200
166,199
166,198
165,197
165,196
165,195
164,195
164,194
164,193
164,192
-
163,231
163,232
163,233
163,234
163,235
163,236
163,237
163,238
163,239
163,240
163,241
163,242
163,243
163,244
163,245
163,246
163,247
163,248
163,249
163,250
163,251
163,252
163,253
163,254
163,255
183,247
183,246
183,245
182,244
182,243
181,242
181,241
181,240
180,239
180,238
179,237
179,236
179,235
178,234
178,233
178,232
177,231
177,230
177,229
176,228
176,227
175,227
174,227
173,227
172,228
171,228
170,229
169,229
168,229
167,230
166,230
165,230
164,231
184,248
184,249
184,250
185,251
185,252
186,253
186,254
186,255
-
165,37
166,37
167,37
168,38
169,38
170,39
171,39
172,39
172,40
172,41
172,42
171,43
171,44
171,45
170,46
170,47
169,48
169,49
169,50
168,51
168,52
168,53
167,54
167,55
166,56
166,57
166,58
165,59
165,60
165,61
165,62
-
172,62
173,61
173,60
174,59
174,58
174,57
175,56
175,55
176,54
176,53
176,52
177,51
177,50
177,49
178,48
178,47
179,46
179,45
179,44
180,44
180,43
180,42
181,45
182,45
182,46
183,46
183,47
184,47
185,47
185,48
186,48
186,49
187,49
187,50
188,50
189,51
190,51
190,52
191,52
191,53
192,53
192,54
193,54
193,55
194,55
194,56
195,56
195,57
196,57
196,58
197,58
197,59
198,59
198,60
199,60
199,61
200,62
201,63
201,64
202,64
202,65
203,65
203,66
204,67
204,68
205,68
205,69
206,69
206,70
206,71
207,71
207,72
208,73
208,74
209,74
209,75
209,76
210,76
210,77
211,78
211,79
212,80
212,81
213,82
213,83
214,84
214,85
215,86
215,87
215,88
216,89
216,90
216,91
217,92
217,93
218,94
218,95
218,96
218,97
219,98
219,99
219,100
220,101
220,102
220,103
220,104
221,105
221,106
221,107
221,108
221,109
201,105
201,104
201,103
201,102
202,101
202,100
202,99
202,98
202,97
202,96
202,95
202,94
202,93
202,92
202,91
202,90
201,89
201,88
201,87
201,86
200,85
200,84
200,83
199,82
199,81
198,81
198,80
198,79
197,79
197,78
196,78
196,77
196,76
195,76
195,75
194,75
194,74
193,74
193,73
192,73
192,72
191,72
191,71
190,71
190,70
189,70
189,69
188,69
187,69
187,68
186,68
185,68
185,67
184,67
183,66
182,66
181,65
180,65
179,65
178,65
177,64
176,64
175,64
174,64
173,63
200,106
200,107
200,108
199,109
199,110
198,110
198,111
198,112
197,112
197,113
196,113
196,114
196,115
195,115
195,116
194,116
194,117
193,117
193,118
192,118
192,119
191,119
191,120
190,120
190,121
189,121
189,122
188,122
187,122
187,123
186,123
185,123
185,124
184,124
183,125
182,125
181,126
180,126
179,126
178,126
-
172,192
172,193
173,192
173,191
174,191
175,191
176,191
177,191
178,190
179,190
180,190
181,190
182,189
183,189
184,188
185,188
185,187
186,187
187,187
187,186
188,186
189,186
189,185
190,185
190,184
191,184
191,183
192,183
192,182
193,182
193,181
194,181
194,180
195,180
195,179
196,179
196,178
196,177
197,177
197,176
198,176
198,175
198,174
199,174
199,173
200,172
200,171
200,170
201,169
201,168
201,167
201,166
202,165
202,164
202,163
202,162
202,161
202,160
202,159
202,158
202,157
202,156
202,155
202,154
201,153
201,152
201,151
201,150
200,149
200,148
200,147
199,146
199,145
198,145
198,144
198,143
197,143
197,142
196,142
196,141
196,140
195,140
195,139
194,139
194,138
193,138
193,137
192,137
192,136
191,136
191,135
190,135
190,134
189,134
189,133
188,133
187,133
187,132
186,132
185,132
185,131
184,131
183,130
182,130
181,129
180,129
179,129
178,129
221,146
221,147
221,148
221,149
221,150
220,151
220,152
220,153
220,154
219,155
219,156
219,157
218,158
218,159
218,160
218,161
217,162
217,163
216,164
216,165
216,166
215,167
215,168
215,169
214,170
214,171
213,172
213,173
212,174
212,175
211,176
211,177
210,178
210,179
209,179
209,180
209,181
208,181
208,182
207,183
207,184
206,184
206,185
206,186
205,186
205,187
204,187
204,188
203,189
203,190
202,190
202,191
201,191
201,192
200,193
199,194
199,195
198,195
198,196
197,196
197,197
196,197
196,198
195,198
195,199
194,199
194,200
193,200
193,201
192,201
192,202
191,202
191,203
190,203
190,204
189,204
188,205
187,205
187,206
186,206
186,207
185,207
185,208
184,208
183,208
183,209
182,209
182,210
181,210
180,211
179,211
179,210
178,209
178,208
177,207
177,206
177,205
176,204
176,203
176,202
175,201
175,200
174,199
174,198
174,197
173,196
173,195
173,194
179,212
-
184,32
184,33
185,33
185,34
186,34
186,35
187,35
188,36
189,36
189,37
190,37
191,38
192,38
192,39
193,39
193,40
194,40
195,41
196,41
196,42
197,42
197,43
198,43
198,44
199,44
199,45
200,45
200,46
201,46
202,47
203,47
203,48
204,48
204,49
205,50
205,51
206,51
206,52
207,52
207,53
208,53
208,54
209,54
209,55
210,55
210,56
211,57
211,58
212,58
212,59
213,59
213,60
214,61
214,62
215,62
215,63
216,63
216,64
217,65
217,66
218,67
218,68
219,68
219,69
220,70
220,71
221,72
221,73
222,74
222,75
223,76
223,77
224,78
224,79
225,80
225,81
225,82
226,83
226,84
227,85
227,86
227,87
228,88
228,89
228,90
229,91
229,92
229,93
230,94
230,95
230,96
230,97
231,98
231,99
231,100
231,101
232,102
232,103
232,104
232,105
232,106
233,107
233,108
233,109
233,110
233,111
233,112
233,113
233,114
234,115
234,116
234,117
234,118
234,119
234,120
234,121
234,122
234,123
234,124
234,125
234,126
234,127
234,128
234,129
234,130
234,131
234,132
234,133
234,134
234,135
234,136
234,137
234,138
234,139
234,140
233,141
233,142
233,143
233,144
233,145
233,146
233,147
233,148
232,149
232,150
232,151
232,152
232,153
231,154
231,155
231,156
231,157
230,158
230,159
230,160
230,161
229,162
229,163
229,164
228,165
228,166
228,167
227,168
227,169
227,170
226,171
226,172
225,173
225,174
225,175
224,176
224,177
223,178
223,179
222,180
222,181
221,182
221,183
220,184
220,185
219,186
219,187
218,187
218,188
217,189
217,190
216,191
216,192
215,192
215,193
214,193
214,194
213,195
213,196
212,196
212,197
211,197
211,198
210,199
210,200
209,200
209,201
208,201
208,202
207,202
207,203
206,203
206,204
205,204
205,205
204,206
204,207
203,207
203,208
202,208
201,209
200,209
200,210
199,210
199,211
198,211
198,212
197,212
197,213
196,213
196,214
195,214
194,215
193,215
193,216
192,216
192,217
191,217
190,218
189,218
189,219
188,219
187,220
186,220
186,221
185,221
184,221
184,222
184,223
184,224
185,225
185,226
186,227
186,228
186,229
187,230
187,231
187,232
188,233
188,234
189,235
189,236
189,237
190,238
190,239
190,240
191,241
191,242
192,243
192,244
192,245
193,246
193,247
193,248
194,249
194,250
195,251
195,252
195,253
196,254
196,255
185,222
185,31
185,30
186,29
186,28
186,27
187,26
187,25
188,24
188,23
188,22
189,21
189,20
190,19
190,18
190,17
191,16
191,15
191,14
192,13
192,12
193,11
193,10
193,9
194,8
194,7
195,6
195,5
195,4
196,3
196,2
196,1
196,0
-
