20,12
20,13
20,242
20,243
21,14
21,15
21,16
21,239
21,240
21,241
22,17
22,18
22,19
22,236
22,237
22,238
23,20
23,21
23,22
23,233
23,234
23,235
24,23
24,24
24,25
24,230
24,231
24,232
25,26
25,27
25,28
25,227
25,228
25,229
26,29
26,30
26,31
26,224
26,225
26,226
27,32
27,33
27,34
27,221
27,222
27,223
28,35
28,36
28,37
28,218
28,219
28,220
29,38
29,39
29,40
29,215
29,216
29,217
30,41
30,42
30,43
30,212
30,213
30,214
31,44
31,45
31,46
31,209
31,210
31,211
32,47
32,48
32,49
32,206
32,207
32,208
33,50
33,51
33,52
33,203
33,204
33,205
34,53
34,54
34,55
34,200
34,201
34,202
35,56
35,57
35,58
35,197
35,198
35,199
36,59
36,60
36,61
36,194
36,195
36,196
37,62
37,63
37,64
37,191
37,192
37,193
38,65
38,66
38,67
38,188
38,189
38,190
39,68
39,69
39,70
39,185
39,186
39,187
40,71
40,72
40,73
40,182
40,183
40,184
41,74
41,75
41,76
41,121
41,122
41,123
41,124
41,125
41,126
41,127
41,128
41,129
41,130
41,131
41,132
41,133
41,134
41,179
41,180
41,181
42,77
42,78
42,79
42,111
42,112
42,113
42,114
42,115
42,116
42,117
42,118
42,119
42,120
42,135
42,136
42,137
42,138
42,139
42,140
42,141
42,142
42,143
42,144
42,176
42,177
42,178
43,80
43,81
43,82
43,106
43,107
43,108
43,109
43,110
43,145
43,146
43,147
43,148
43,149
43,173
43,174
43,175
44,83
44,84
44,85
44,101
44,102
44,103
44,104
44,105
44,150
44,151
44,152
44,153
44,154
44,170
44,171
44,172
45,86
45,87
45,88
45,97
45,98
45,99
45,100
45,155
45,156
45,157
45,158
45,167
45,168
45,169
46,89
46,90
46,91
46,92
46,93
46,94
46,95
46,96
46,159
46,160
46,161
46,162
46,163
46,164
46,165
46,166
