20,243
20,242
21,241
21,240
21,239
22,238
22,237
22,236
23,235
23,234
23,233
24,232
24,231
24,230
25,229
25,228
25,227
26,226
26,225
26,224
27,223
27,222
27,221
28,220
28,219
28,218
29,217
29,216
29,215
30,214
30,213
30,212
31,211
31,210
31,209
32,208
32,207
32,206
33,205
33,204
33,203
34,202
34,201
34,200
35,199
35,198
35,197
36,196
36,195
36,194
37,193
37,192
37,191
38,190
38,189
38,188
39,187
39,186
39,185
40,184
40,183
40,182
41,181
41,180
41,179
42,178
42,177
42,176
43,175
43,174
43,173
44,172
44,171
44,170
45,169
45,168
45,167
46,166
46,165
46,164
46,163
46,162
46,161
46,160
46,159
45,158
45,157
45,156
45,155
44,154
44,153
44,152
44,151
44,150
43,149
43,148
43,147
43,146
43,145
42,144
42,143
42,142
42,141
42,140
42,139
42,138
42,137
42,136
42,135
41,134
41,133
41,132
41,131
41,130
41,129
41,128
41,127
41,126
41,125
41,124
41,123
41,122
41,121
42,120
42,119
42,118
42,117
42,116
42,115
42,114
42,113
42,112
42,111
43,110
43,109
43,108
43,107
43,106
44,105
44,104
44,103
44,102
44,101
45,100
45,99
45,98
45,97
46,96
46,95
46,94
46,93
46,92
46,91
46,90
46,89
45,88
45,87
45,86
44,85
44,84
44,83
43,82
43,81
43,80
42,79
42,78
42,77
41,76
41,75
41,74
40,73
40,72
40,71
39,70
39,69
39,68
38,67
38,66
38,65
37,64
37,63
37,62
36,61
36,60
36,59
35,58
35,57
35,56
34,55
34,54
34,53
33,52
33,51
33,50
32,49
32,48
32,47
31,46
31,45
31,44
30,43
30,42
30,41
29,40
29,39
29,38
28,37
28,36
28,35
27,34
27,33
27,32
26,31
26,30
26,29
25,28
25,27
25,26
24,25
24,24
24,23
23,22
23,21
23,20
22,19
22,18
22,17
21,16
21,15
21,14
20,13
20,12
